110011011
10011010000
111101010001
111101001000
10001110
101111111010
110111011000
111010011100
101101100011
100011010000
111010111100
110011000110
100110100
10101111101
100111101
100110001111
1000101
101100011
110001001101
110100000100
111001011
111110011011
110110010000
11001111110
10100101010
100111100
11000110110
101010110011
101110000111
111000111011
1000000110
10100000000
10000010000
100100100000
110010011100
110000001011
1010011111
1010100101
100100101111
101110001000
11011010101
111100000
100111101011
10110000
100001110
111110000000
101100111111
10010111
100001011111
10111011100
110101011011
1010010010
111100101001
101100101100
1011001110
1001111001
10010101001
11000000100
11001110
110100111000
110011101110
100011111111
10111001010
110100000011
101101010010
100101000100
11010011001
100110000110
11111110000
10110110110
111100111000
100011111001
10110011011
1001001
111011010
111110001101
1011011100
11110100101
111000
100110011010
1110011000
110110110010
11111000101
11100101100
10001111111
1011011000
11010100010
11101001001
1101100000
10011010100
111001000011
110100
11010101100
101001110000
10000001011
1011101101
10000101010
100000010001
1000101101
100101100111
110101100011
11110010111
10011000010
100111111000
1010111100
10010111100
11100111100
100111011111
100001011
100000010111
100111001101
100100111010
11100001001
110110001
1100100001
111011101101
1010100
10000100011
111000111110
111011110001
10111000111
11000011001
10101110001
111000101001
111010000000
100010011111
111000111000
10011011111
101110011101
110000001
10010011011
100101101000
110101111011
100010101001
101010011010
100111000
11011101001
100100000100
10110100
100100000111
101110000011
100110010
110100110
110111111010
100000110101
100111000000
111111001001
110100111101
100000000110
10101000011
101101010
101111001
101100010000
101111001010
10011100110
11001111100
11001101010
111001110001
11100011101
111011111110
100010010100
111000101010
100000001011
100111110001
110110100111
1000111001
10101000000
1010001011
1010001100
11110111011
11101111111
11100101101
111000111010
101101011100
111010001000
10011011001
100011100101
100001110110
110010001001
101101001011
100100100111
111011110101
11001000100
110010110010
11011111000
111011001000
11011000010
10111000110
1001110011
10001011000
111001100110
1001011000
10101010100
1001001111
1100110010
100001111000
100001000101
1000100111
10110100001
11101001
100011110110
1000001101
1000010100
1010101000
100001111101
100101110101
100011000001
10001110110
11011010111
11001010110
10101000110
110010100010
111011001111
111011111
110001110100
100110101
101001110110
110111000011
10001000000
111000000110
1100011110
101101100001
100000101111
11010010001
11001001011
111001100001
110100001100
111001100000
11011001000
10011011000
100000100
10000001100
10010001110
11001100101
1011100111
10111010111
110010111101
11011011001
101011100110
1001001001
10000111001
1011101
1111110010
11100010010
1010100100
111111101011
10100001011
100110000111
111110101110
110111110110
111010100100
111010010010
11100000110
11100100010
10001101111
1100000100
10101001111
10101000100
111111010010
110010100100
11110110010
110100001011
10010100110
1001110111
111101010111
101010000110
111000100110
110000101110
10100010011
111011100
1010111000
110000011010
111000100
11011010000
101101000110
111100110111
1001000
10011001100
111001001100
111101111110
100100000001
111101111011
1101100100
10100011010
101000111000
11100100101
111001101011
101010110010
11010000100
101101110001
101110001101
101001
100001010010
111101
100100100
110010110011
10001001011
111010000101
111100100011
1110110101
11100001
110011010100
1011101001
110100101101
1111110011
1001001110
100011010100
1001111010
111101001001
100100000000
111000010111
100010011100
101000110011
10101011
101100111000
11000010110
101101100100
101010100110
10110000010
110001000
10111010110
110001000101
111010011110
11101100101
101011011111
11101100100
111111101100
1111001000
1100101011
110000000110
1000001110
111001001001
1111100111
1110000101
1001011110
111001110100
111100111011
101000100001
110101011101
1100010100
100111111101
101001000111
111001001
111010000001
100101110110
1110001110
111001110000
111000110010
11110110001
1101100001
111010010111
111011100100
11000111101
111111010011
10110111110
11010111101
1110000110
100000100010
10100110001
111101101010
101010000
100010001001
1
11011000100
111000011100
110000010100
1101011011
110110010001
11100001110
110010010011
110000010111
110000100011
101100000101
110011110011
101101000
111011010001
101111000010
1011010101
100110010001
1010001101
11010110110
100110010111
11101010011
101101101111
11011000001
101100011111
100110010100
11001101011
10001010011
111001000110
1000111101
1101000100
101000000001
100011111000
111000011110
10100000110
100110110101
110111111000
101010110100
11100011110
101111101110
110101111
1001100101
111100001000
11011100100
110011111110
101110110101
110111101000
1111000
1011000001
1110101010
100010100
11011100010
100111111110
1111110001
1001110101
1011110
110010010001
110100011011
101101010110
110111000100
100100110011
111001101110
100000000011
11100001010
11001011001
101110000000
101111000011
10010111110
110000101000
1000111
100000101110
110101011100
100011000011
111000111100
11000001101
11001001
101000100
10101001100
11110010001
11001000
11011111
1010110011
11001011000
10111111011
100100110010
11100111010
110111100111
11110111101
1010111111
110111010000
100000011
111111110110
11010011
10111011110
111001111101
111111010110
111000110
100100000
101011000000
101110101
111001000100
101101100010
100001001110
11011001011
111001011011
100010100010
1001010000
11011000110
101100011110
111000110000
11000111001
100101000010
10110101011
101010001000
110001001111
1110101011
100100001101
10001101
10011111111
100010010001
10010001111
100011011111
101100001011
101101101110
111100000110
111111001
10111000000
11110011011
101101111101
1000000010
110001001110
101110101111
110001011011
100101010
110111111111
110111000110
11101101000
111101110001
100110100010
11100010111
1001111101
101010010000
10110010001
110011100101
10101101
111101101111
111000100100
11000111000
111101000111
111111111000
1010011000
101011011001
111000000000
111010100011
100111110100
110111101100
1100111011
100011101000
100101111
100001011110
100110011000
10101010001
110111100010
110000110011
101101011111
110110100010
111101001100
10010010101
101010101100
1111111001
11111100001
101101110101
101011001011
111010010000
1111000000
101001110100
110110110101
110000101
111000111
11000110101
100001010101
100101001110
1101101111
10111100001
101000011111
11101110110
101010101111
1110110011
111000010011
1110101100
11110110101
1000011101
11001110000
1010010101
101010110
1100100000
111101011111
101000010110
10000000000
101011010110
11010000111
110000111000
100010110110
101100100000
110011000011
10100111000
1000001000
100111001
110000100
110100001000
11001010111
111110101101
1011011101
101000101110
11100
100000110001
1110100101
111100000001
111011101100
1100011010
101001100110
10111011101
111110001
10110000000
1010000
11001001101
110011100011
111111111111
10110011001
100011001111
10111101010
110010111100
111000001011
101110010000
100000100001
100001110100
11110110
101000011010
111110010111
111010011011
111001101100
11110
111101110010
101010001010
10001010001
110010100011
10101010
100011111010
1000000101
1110010011
110111
10100010000
1111100101
1000010101
110010011010
100100100001
1011101110
110110010111
110011111
1111001
101001101100
10111001011
1001001000
111101000110
100000010000
1011000111
110010001100
100000000100
10101111
111100010001
1100001100
101001101110
11010100011
101100001
11101011010
11110110011
10111001001
101111010101
100000001
100001110001
11101001111
100010000111
110101010100
111000001100
10001001010
101000010010
1101001110
101010011110
10101100111
11001000011
110111111
101110100110
1001101110
10100111001
10010001100
100100010011
11110111
101100100001
10111101
11001010100
110000100111
110011111000
101100110000
1111001001
110001111111
1101011110
10110111111
11111100011
11001001000
101100000010
11110011111
101101100111
100010001111
1100001
100100001110
1000110111
10001001101
110111111100
101110100100
101010010010
1100100011
100101110001
110111100001
10100101101
110000000000
111110001010
10111100110
100101000001
101111100
110000000001
110101011110
1010010100
111110011
11101000001
1100110100
100010101100
110100000000
100010100011
111010100111
10110001110
1101010
10011000001
111000100101
1010110
110011
1111111101
101111110001
100100111111
110101101001
111011100110
100110011101
110001100111
10010010001
101001100100
10110000001
101110010001
101000111110
101010100000
11100010
10010110001
101100000110
111010010110
100101001100
101010011
101010111111
101100010010
101111100010
101101101100
110010100
111111110011
100111010100
100000010
101000000000
100101010011
100111101110
100111110000
100010111001
1010011100
10111110000
1101001000
100011010110
101010101000
1111111111
11111001111
1000110100
10100100
10001001110
11011110
11010001010
111001010010
1111101001
10101100110
110101001
100011011001
111000010
10111001100
110111011001
10100110
100011001100
110110101100
10001100110
11111001110
101110010100
1011000110
101101111011
10011101010
110001110111
100000010101
1110001010
111000000111
110011010101
101010010111
1011000011
101110010010
11101100110
101011011011
111000110001
111101011100
100001000010
100001100000
10011010011
101010101010
111011110010
100010111000
101110011010
11001001001
101000101010
1000100
10110011111
1110010101
111100101011
101011110111
100000111001
111101100010
100111000100
100001001000
101100011011
10011000100
110110101101
10100011001
100000111010
101100000000
110110010101
101001000000
100000000
10101001110
1011001111
10010011101
10110001111
1111
110110010010
11010000
101000110001
110001101110
1011111000
11111101011
110000001000
10100111111
100001100110
11111010101
111100101000
101101110111
1111000100
10000000001
111010101000
1111011011
1001100110
101000001100
100110010011
100001011010
110101001010
10011000111
101101011011
110110000001
10011111001
10011101
1101000111
11110010010
1100101101
110100011110
1000110000
101101000001
101000101001
101100110001
10110101110
110010011101
1111011100
11000010111
11100000
100010110000
1010110001
1011111110
1000000011
11110110000
100010111110
100111101010
100111010010
10010110010
101110110110
111011011111
11111011100
101111110100
110011101011
110001000001
101101010001
11000011111
10000110111
1111101010
11100011111
1000100000
101110001001
101000001110
10000010
111010100010
1111011000
10111000
101101100110
111100011001
10100011110
101101010000
1000100110
11010110010
1111101111
10111101000
10110011010
1000010010
110101010111
101111110010
111110111101
100100111110
101000110
100010011
10000111111
110111011111
111100001111
11011110100
101011000
111001011010
101101111
110000101111
11101001101
1010011
1001111
111010000
1000011110
111111001101
110100011101
110110111111
111000101000
110110
111101010
10001100001
11111100111
101100000100
101001001101
11101101101
110010001010
101100110111
11001111011
111100010010
10111000010
1000010
111110101100
111011101000
111111110111
111001111110
10011010101
10101010000
101011011
110011010001
1001010011
11111111101
101001100001
1010010110
100001010111
110011100110
110000001101
11110111010
100011101110
101101001010
101110000110
11011100101
101111010100
1011101011
110001101011
100011011010
111001010110
1110101000
111110000111
11011011111
100011000110
11000101101
100011001110
1101101101
110111101011
110000000101
10010000110
110000111100
1110
110110011001
10111000001
111000010110
101001111
11001111010
101100110010
1111110000
11100110000
10110111011
100110001101
111110111111
10001100101
101011110110
110000100001
1100110
100011
101110101010
110100011001
101111111111
111001101000
111100011101
100010001000
11110101110
111111010001
110010110000
1111000101
110110001010
101000010
11011111001
100101000111
10110000111
101001010
110010100110
110000110001
110101011001
10111001000
111111001110
110110101
1100010110
11010100110